3102218377
3102285805
3102881236
3102926053

3102958452
3102970802
3103021867
3103031045
3103046501
3103083702
3103093322
3103095806
3103096415
3103101126
3103103690
3103104292
3103108122
3103108598
3103110854
3103111798
3103189302
3103222517
3103223974
3103224604
3103225925
3103230946
3103232008
3103234561
3103238492
3103240467
3103329576
3103332769
3103342988
3103345363
3103474041
3103477777
3103688944
3103700502
3103700893
3104102406
3104164645
3104233986
3104281297
3104283642
3104339140
3104372012
3104456285
3104472488
3104494103
3104521114
3104635900
3104637032
3104651229
3104694599
3104820345
3104876427
3105000639
3105574285
3105618151
3105680279
3105680279
3105681110
3105740239
3105748914
3105800243
3105828155
31988546729
31989412782
7304245139
7305346209
7305346209
7326056018
7326177490
7326186557
7326716943
7327578168
7327748731
7327812679
7327812679
7327812679
7327812679
7327812679
7327812679
7327818723
7327818723
7327818723
7327818723
7328993489